202300006005047
202100006060655
202200006042092
202200006079057
202300006003457
202300006043524
202300005019775
202000006004371
202300005031470
202400006034898
202300006033577
202100005017786
202000006004641
202200006038785
202200006083914
202300006022680
202200006068103
202200006052208
202200006081799
202200006071772
202300006063396
202300005022524
202200006070032
202300006034150
202300005028160
202300006113173
202400006112215
202400006006911
202300006094058
202300006072255
202300006103913
202300006004296
202300006046232
202200005016555
202200006011376
202300006071541
202300006058490
202200006089528
202300006013703
202300006051532
202200006083531
202300006019660
202300006027476
202300006041612
202300006001289
202300006048769
202100006010389
202300006092054
202300006029239
202000006005440
202300006056260
202300006029782
202300006022747
202300006063838
202300006037547
202300006093724
202200006088980
202300006002753
202300006036380
202200006033911
202200006050706
202200006077353
202200006084337
202200006085373
201900006048359
202300006035733
202300006000582
202200006082294
202200005015798
202300006036155
202200006054473
202200006054852
202200006072914
202200006058185
202200006053812
202300006032142
202200006085999
202200006073619
202200006069376
202311129004103
202200006072325
202200006071462
202200005022195
202200006031923
201900006069790
202200005017668
202100005004543
202300006049824
202300006028330
202200006062164
202200006051977
202300006005691
202200006072877
202100006067282
202200006087967
202200006081356
202300006035445
202200006089001
202200006010081
202300006045339
202300006041574
202200006091860
202200006087772
202200006018258
202200006076080
202000006012889
202200006063461
202200006085524
202200006066283
202300006048886
202200006018670
201900006069477
202200002038820
202300006039354
202100006036523
202300006002467
202200006087359
202200006089070
202200006018535
202300006024517
202200006049598
202200006063347
202200006067154